Sample Name	Allele 1	Size 1	Height 1	Peak Area 1	Allele 2	Size 2	Height 2	Peak Area 2	Allele 3	Size 3	Height 3	Peak Area 3	Allele 4	Size 4	Height 4	Peak Area 4	AN	GQ	
tjp2b-6-wt	?	283.55	9170	47346.0													0.0	0.18	
tjp2b-6-H	?	233.06	1288	7452.0	?	283.4	5107	24362.0									0.0	0.09	
tjp2b-6-G	?	283.82	6118	30677.0													0.0	0.18	
tjp2b-6-F	?	283.74	5968	30169.0													0.0	0.18	
tjp2b-6-E	?	283.84	4478	24292.0													0.0	0.18	
tjp2b-6-D	?	283.96	4311	23100.0	?	301.32	1305	6849.0									0.0	0.09	
tjp2b-6-C	?	283.87	3889	23380.0													0.0	0.18	
tjp2b-6-B	?	281.9	975	7746.0	?	283.51	3585	22131.0	?	301.14	1305	8988.0					0.0	0.09	
tjp2a-6-wt																	-2.0	0.0	
tjp2a-6-L																	-2.0	0.0	
tjp2a-6-K	200	197.74	1213	8697.0	?	216.22	1187	13292.0	?	392.7	4298	32448.0					0.0	0.0364	
tjp2a-6-J	?	215.72	9179	51590.0													0.0	0.2	
tjp2a-6-I	?	214.21	1520	12327.0	?	216.01	5024	28983.0									0.0	0.1	
tjp2a-6-H	?	214.41	2669	15769.0	?	216.01	7038	58905.0									0.0	0.045	
tjp2a-6-G																	-2.0	0.0	
tjp2a-6-F																	-2.0	0.0	
tjp2a-6-E	200	197.51	1592	10904.0	?	216.05	948	5883.0	?	392.8	2053	20429.0					0.0	0.045	
tjp2a-6-D	200	197.54	662	4094.0	?	216.09	1058	6588.0	?	392.69	1562	16354.0					0.0	0.081	
tjp2a-6-C																	-2.0	0.0	
tjp2a-6-B																	-2.0	0.0	
eml1-8-wt	?	265.98	430	2094.0	?	281.02	689	5099.0	?	284.46	555	3612.0	?	301.33	1094	6070.0	1.0	0.0	
eml1-8-L	?	308.91	490	2399.0													0.0	0.0656	
eml1-8-K	?	301.31	639	3064.0	?	307.85	1519	6846.0									0.0	0.09	
eml1-8-J	?	307.73	1652	7838.0													0.0	0.18	
eml1-8-I	?	301.31	459	2282.0	?	307.73	1830	9171.0									0.0	0.045	
eml1-8-H	?	305.89	892	4094.0													0.0	0.0996	
eml1-8-G	?	307.6	720	3408.0													0.0	0.09	
eml1-8-F	?	307.85	1677	8605.0													0.0	0.18	
eml1-8-E	?	307.58	1460	7692.0													0.0	0.162	
eml1-8-D	?	281.12	140	1268.0	?	284.56	88	660.0	?	301.5	296	1658.0					0.0	0.0405	
eml1-8-C	?	256.56	252	1257.0	?	281.16	193	1826.0	?	301.34	652	3491.0	?	307.73	579	2853.0	0.0	0.0225	
eml1-8-B	?	307.77	1260	6707.0													0.0	0.18	
cpne3-8-wt	?	192.98	4626	23232.0													0.0	0.162	
cpne3-8-I	?	192.64	7000	29994.0													0.0	0.162	
cpne3-8-H	?	192.89	4619	19399.0	?	301.46	1520	7796.0									0.0	0.09	
cpne3-8-G	?	192.6	4718	18889.0													0.0	0.18	
cpne3-8-F	?	192.64	5521	22944.0													0.0	0.18	
cpne3-8-E	?	192.65	6961	29673.0													0.0	0.18	
cpne3-8-D	?	192.85	6502	25258.0													0.0	0.18	
cpne3-8-C	?	192.81	4451	21503.0													0.0	0.18	
cpne3-8-B	?	192.69	5408	21840.0													0.0	0.18	
cpne3-7-wt	?	192.81	6557	24143.0													0.0	0.2	
cpne3-7-I	?	192.73	4702	20391.0													0.0	0.162	
cpne3-7-H	?	192.85	6511	23979.0													0.0	0.162	
cpne3-7-G	?	192.64	5486	20067.0													0.0	0.162	
cpne3-7-F	?	192.77	5323	21830.0													0.0	0.162	
cpne3-7-E	?	192.61	8319	33794.0													0.0	0.18	
cpne3-7-D	?	192.68	8260	33080.0													0.0	0.18	
cpne3-7-C	?	192.73	6665	25531.0													0.0	0.18	
cpne3-7-B	?	192.69	5892	21988.0													0.0	0.18	
cpne3-6-wt	?	189.79	34	155.0	200	197.21	80	382.0	200	199.51	50	337.0	?	227.54	48	271.0	0.0	0.0225	
cpne3-6-I	?	171.56	860	2954.0	?	177.16	1060	6376.0	?	192.74	1868	8558.0	?	281.05	2220	13431.0	1.0	0.0	
cpne3-6-H	?	192.96	8599	32082.0													0.0	0.18	
cpne3-6-G	?	192.93	6618	24521.0													0.0	0.162	
cpne3-6-F	?	192.68	8106	33053.0													0.0	0.162	
cpne3-6-E	200	195.38	51	321.0	200	197.52	35	266.0	200	200.97	72	380.0					0.0	0.1125	
cpne3-6-D	200	198.84	67	427.0	200	204.75	41	312.0									0.0	0.2025	
cpne3-6-C	200	195.89	52	286.0	200	198.36	51	290.0									0.0	0.225	
cpne3-6-B	200	196.88	69	418.0	200	200.65	33	110.0									0.0	0.10125	
cpne3-4-wt	?	192.92	4051	17092.0													0.0	0.162	
cpne3-4-I	?	192.73	4136	16293.0													0.0	0.18	
cpne3-4-H	?	182.52	1739	10904.0	?	192.8	3195	12348.0	?	273.8	1318	7095.0	?	301.3	1109	6534.0	0.0	0.09	
cpne3-4-G	?	192.96	3629	15295.0													0.0	0.162	
cpne3-4-F	?	192.92	3577	14308.0	?	301.3	1380	6669.0									0.0	0.081	
cpne3-4-E	?	192.96	7584	27918.0													0.0	0.162	
cpne3-4-D	?	192.8	6443	25077.0													0.0	0.162	
cpne3-4-C	?	192.81	7724	28187.0													0.0	0.162	
cpne3-4-B	?	192.76	5430	21422.0													0.0	0.18	
cadm1b-9-wt	?	280.3	4514	30748.0													0.0	0.18	
cadm1b-9-I	?	280.17	5164	25592.0													0.0	0.18	
cadm1b-9-H	?	280.24	4398	18362.0													0.0	0.18	
cadm1b-9-G	?	280.21	6458	29816.0													0.0	0.18	
cadm1b-9-F	?	280.16	6949	35770.0													0.0	0.18	
cadm1b-9-E	?	279.93	4711	26147.0													0.0	0.18	
cadm1b-9-D	?	280.32	7424	38368.0													0.0	0.18	
cadm1b-9-C	?	184.76	600	2700.0	?	280.4	967	7926.0	?	282.16	800	5240.0	?	301.45	1872	11658.0	0.0	0.0405	
cadm1b-9-B	?	280.45	2573	17731.0	?	301.49	1312	7923.0									0.0	0.09	
cadm1b-8-wt	?	280.29	4520	26633.0													0.0	0.162	
cadm1b-8-I	?	178.36	312	1222.0	?	184.59	547	2405.0	?	228.77	326	1954.0	?	230.53	250	1564.0	1.0	0.0	
cadm1b-8-H	?	271.16	2819	11636.0	?	280.24	2504	11074.0									0.0	0.162	
cadm1b-8-G	?	280.33	2913	14955.0	?	301.49	1026	5726.0									0.0	0.081	
cadm1b-8-F	?	280.41	1225	9102.0	?	282.34	628	3881.0	?	301.49	1796	11822.0	?	303.8	1052	6492.0	0.0	0.0364	
cadm1b-8-E	?	280.26	6424	32583.0													0.0	0.18	
cadm1b-8-D	?	271.27	2920	14267.0	?	280.42	2531	13924.0									0.0	0.162	
cadm1b-8-C	?	280.32	5773	32581.0													0.0	0.18	
cadm1b-8-B	?	280.22	3998	20751.0													0.0	0.18	
cadm1b-7-wt	?	280.26	4657	23632.0													0.0	0.162	
cadm1b-7-I	?	282.26	589	2932.0	?	301.48	1470	7849.0									0.0	0.081	
cadm1b-7-H	?	271.06	2415	9518.0	?	280.23	2267	10066.0									0.0	0.162	
cadm1b-7-G	?	280.28	5971	26945.0													0.0	0.18	
cadm1b-7-F	?	271.1	3086	13788.0	?	280.2	2958	14460.0									0.0	0.162	
cadm1b-7-E	?	280.35	5977	31284.0													0.0	0.18	
cadm1b-7-D	?	280.26	4649	29106.0													0.0	0.162	
cadm1b-7-C	?	280.07	4459	24758.0													0.0	0.162	
cadm1b-7-B	?	280.26	4633	26949.0													0.0	0.18	
cadm1b-2-wt	?	280.33	5332	26890.0													0.0	0.18	
cadm1b-2-I	?	280.25	654	4837.0	?	282.15	789	4305.0	?	301.48	1198	5884.0	?	360.62	422	2122.0	0.0	0.045	
cadm1b-2-H	?	280.14	3814	17267.0													0.0	0.18	
cadm1b-2-G	?	280.22	4880	23321.0													0.0	0.162	
cadm1b-2-F	?	280.29	4718	23763.0													0.0	0.18	
cadm1b-2-E	?	280.1	3734	20560.0													0.0	0.18	
cadm1b-2-D	?	280.33	2773	15534.0													0.0	0.18	
cadm1b-2-C	?	280.24	5889	29940.0													0.0	0.09	
cadm1b-2-B	?	279.94	3574	19984.0													0.0	0.18	
cadm1a-9-wt	?	171.2	1005	7813.0	?	173.36	913	6048.0	?	188.0	819	6175.0	?	189.95	703	4943.0	1.0	0.0	
cadm1a-9-I	?	227.7	3490	17881.0													0.0	0.18	
cadm1a-9-H	?	227.69	4195	19206.0													0.0	0.162	
cadm1a-9-G	?	171.25	494	3287.0	?	173.22	527	3429.0	?	227.64	1946	9306.0	?	238.5	685	4314.0	0.0	0.045	
cadm1a-9-F	?	227.76	4907	23681.0	?	238.48	1309	5722.0									0.0	0.081	
cadm1a-9-E	?	213.12	1472	6579.0	?	227.7	5058	25715.0	?	301.49	1370	8673.0					0.0	0.09	
cadm1a-9-D	?	227.61	4104	18276.0	?	237.47	1179	8926.0	?	301.34	1917	11138.0					0.0	0.09	
cadm1a-9-C	?	171.14	693	6911.0	?	213.04	1264	6315.0	?	227.66	2271	13662.0	?	238.36	1017	7476.0	0.0	0.09	
cadm1a-9-B	?	224.71	1810	7740.0	?	234.37	1011	5074.0									0.0	0.1789	
cadm1a-8-wt	?	227.75	6070	27761.0	?	238.3	4505	18524.0									0.0	0.162	
cadm1a-8-I	?	227.84	4739	23094.0	?	238.46	1358	6484.0									0.0	0.081	
cadm1a-8-H	?	171.0	887	5403.0	?	173.13	1296	6615.0	?	187.92	694	4115.0	?	190.02	893	4953.0	1.0	0.0	
cadm1a-8-G	?	225.37	53	263.0	?	227.29	31	134.0	?	231.44	34	292.0	?	235.27	38	671.0	0.0	0.0225	
cadm1a-8-F	?	222.44	57	269.0	?	225.64	43	207.0	?	235.26	30	277.0					0.0	0.045	
cadm1a-8-E	?	171.05	942	5695.0	?	173.05	1080	6524.0	?	187.82	716	4844.0	?	189.96	799	4653.0	1.0	0.0	
cadm1a-8-D	?	227.77	2233	9980.0													0.0	0.18	
cadm1a-8-C	?	223.47	30	246.0	?	226.37	59	246.0	?	227.81	70	362.0	?	233.76	48	404.0	0.0	0.0125	
cadm1a-8-B	?	227.86	3217	15096.0													0.0	0.18	
cadm1a-7-wt	?	227.65	17632	82691.0													0.0	0.18	
cadm1a-7-I	?	227.58	3125	14185.0	?	238.3	1092	5855.0									0.0	0.09	
cadm1a-7-H	?	227.87	4739	21570.0	?	238.47	1482	6069.0									0.0	0.081	
cadm1a-7-G	?	228.31	80	584.0													0.0	0.045	
cadm1a-7-F	?	232.93	44	587.0	?	235.47	36	399.0									0.0	0.0225	
cadm1a-7-E	?	227.78	788	3540.0	?	238.33	1244	5036.0	?	280.91	420	2027.0	?	301.33	972	4940.0	0.0	0.045	
cadm1a-7-D	?	227.83	1234	5466.0													0.0	0.18	
cadm1a-7-C	?	227.73	2238	10098.0	?	238.46	760	5681.0	?	301.48	1182	5875.0					0.0	0.045	
cadm1a-7-B	?	227.72	4092	17412.0													0.0	0.18	
cadm1a-2-wt	?	227.86	2938	13582.0													0.0	0.162	
cadm1a-2-I	?	227.79	2726	12088.0	?	238.39	975	4463.0									0.0	0.081	
cadm1a-2-H	?	228.39	748	5809.0	?	238.34	440	1771.0									0.0	0.081	
cadm1a-2-G	?	227.91	5100	24221.0	?	238.53	1340	5849.0	?	301.46	1292	6794.0					0.0	0.081	
cadm1a-2-F	?	227.81	1799	8633.0	?	238.3	584	3110.0									0.0	0.081	
cadm1a-2-E	?	216.58	888	3780.0	?	227.86	3362	16064.0	?	238.36	977	4063.0					0.0	0.081	
cadm1a-2-D	?	171.21	1029	6250.0	?	187.97	763	4651.0	200	204.61	580	3570.0	?	227.82	2043	9231.0	1.0	0.0	
cadm1a-2-C	?	171.13	1608	9757.0	?	187.98	1349	8452.0	200	204.58	1044	6468.0	?	221.15	852	5777.0	1.0	0.0	
cadm1a-2-B	?	227.78	4179	18433.0	?	238.36	1798	9815.0	?	301.46	1102	5986.0					0.0	0.081	
EMPTY	?	276.54	44	425.0	?	286.27	64	462.0	?	492.99	30	278.0	500	497.9	36	262.0	0.0	0.0101	
EMPTY	?	213.59	32	303.0	?	217.8	30	117.0	?	403.25	32	291.0					0.0	0.081	
EMPTY	?	188.92	33	162.0	?	219.32	30	190.0	?	307.14	31	177.0					0.0	0.045	
EMPTY	?	280.71	70	615.0	?	290.36	80	624.0	?	301.83	33	226.0					0.0	0.0101	
EMPTY	?	280.05	176	887.0	?	282.97	82	411.0	?	297.24	46	456.0					0.0	0.0101	
EMPTY	?	271.98	50	362.0	?	275.94	112	598.0	?	293.19	30	184.0					0.0	0.0225	
EMPTY	?	212.99	42	376.0	?	280.03	33	166.0	?	282.95	82	575.0	?	285.23	53	294.0	0.0	0.02025	
EMPTY	?	211.81	33	367.0	?	256.26	37	85.0	?	277.57	73	400.0	?	280.31	69	441.0	0.0	0.0101	
EMPTY	?	277.31	89	908.0													0.0	0.0405	
EMPTY																	1.0	0.0	
EMPTY																	1.0	0.0	
EMPTY																	1.0	0.0	
EMPTY																	1.0	0.0	
EMPTY																	1.0	0.0	
EMPTY																	1.0	0.0	
EMPTY	?	283.5	253	1566.0													0.0	0.045	
EMPTY																	1.0	0.0	
EMPTY																	1.0	0.0	
EMPTY																	1.0	0.0	
EMPTY																	1.0	0.0	
EMPTY	?	449.49	58	162.0													0.0	0.081	
EMPTY																	1.0	0.0	
EMPTY	?	265.95	30	216.0													0.0	0.081	
EMPTY	?	264.45	36	300.0													0.0	0.081	
EMPTY	?	217.73	30	181.0													0.0	0.081	
EMPTY																	1.0	0.0	
EMPTY																	1.0	0.0	
EMPTY																	1.0	0.0	
EMPTY																	1.0	0.0	
EMPTY																	1.0	0.0	
EMPTY																	1.0	0.0	
EMPTY	?	399.02	39	357.0													0.0	0.0405	
EMPTY	?	494.71	36	171.0													0.0	0.045	
EMPTY																	1.0	0.0	
EMPTY	?	188.69	42	223.0													0.0	0.081	
EMPTY	?	381.42	45	349.0													0.0	0.0405	
EMPTY																	1.0	0.0	
EMPTY																	1.0	0.0	
EMPTY																	1.0	0.0	
EMPTY																	1.0	0.0	
EMPTY	?	277.12	30	172.0													0.0	0.081	
EMPTY	?	274.6	30	177.0													0.0	0.081	
EMPTY	?	259.9	44	480.0	?	262.43	39	243.0									0.0	0.09	
EMPTY	?	264.6	30	106.0	?	271.49	39	185.0									0.0	0.081	
EMPTY	?	265.52	39	355.0	?	274.83	31	246.0									0.0	0.081	
EMPTY	?	273.12	74	338.0	?	275.69	57	356.0									0.0	0.0405	
EMPTY	?	277.49	50	224.0	?	278.95	64	764.0									0.0	0.0405	
EMPTY	?	274.33	76	354.0	?	279.78	59	789.0									0.0	0.02025	
EMPTY	?	191.66	32	158.0	?	281.89	34	210.0									0.0	0.081	
EMPTY	?	274.62	123	562.0	?	291.8	31	207.0									0.0	0.02025	
EMPTY	?	279.55	82	757.0	?	303.12	37	302.0									0.0	0.02025	
EMPTY	?	273.41	38	224.0	?	486.27	45	124.0									0.0	0.081	
